
                                                        888
                                                      8888888
                                                    88888888888
                                                  888888888888888
                                               888888888888888888888
                                              888888888888888888888888
                                             888888888888888888888888
                                             888888888888888888888888
                                              8888888888888888888888
                                              888888888888888888888888
                                              88888888888888888888888
                                               888888888888888888888
                                              88888888888888888888888
                                              8888888888888888888888
                                               88888888888888888888
                                                88888888888888888
                                                 8888888888888888
                                                  888888888888888
                                                     88888888888
                                                     88888888888
                                                8888888888888888
                                              8888888888888888888
                               88888888888888888888888888888888888
                               888888888888888888888888888888888888
                               888888888888888888888888888888888888
                               888888888888888888888888888888888888
                                888888888888888888888888888888888888
                                 88888888888888888888888888888888888
                                  8888888888888888888888888888888888
                                   888888888888888888888888888888888
                                  8888888888888888888888888888888888
                                 8888888888888888888888888888888888
                                88888888888888888888888888888888888
                              88888888888888888888888   88888888888
                             8888888888888888888888     88888888888
                            88888888888888888888        8888888888
                           8888888888888888888          8888888888
                           88888888888888888            8888888888
                          888888888888888888            888888888
                          8888888888888888888           888888888
                          88888888888888888888         888888888
                          88888888888888888888        8888888888
                          888888888888888888888     88888888888
                          8888888888888888888888   8888888888
                        88888888888888888888888888888888888
                      88888888888888888888888888888888888
                     888888888888888888888888888888888
                   888888888888888888888888888888888
                  8888888888888888888888888888888
                888888888888888888888888888888888
               888888888888888888888888888888888
              888888888888888888888888888888888
             888888888888888888888888888888888
            8888888888888888888888888888888888
           88888888888888888888888888888888888
          888888888888888888888888888888888888
         8888888888888888888888888888888888888
        888888888888888888888888888888888888888
       8888888888888888888888888888888888888888
      88888888888888888888888888888888888888888
     8888888888888888888888 8888888888888888888
     888888888888888888888  8888888888888888888
    888888888888888888888    888888888888888888
   888888888888888888888     888888888888888888
  888888888888888888888       888888888888888888
  8888888888888888888          88888888888888888
 8888888888888888888           88888888888888888
 88888888888888888              8888888888888888
88888888888888888                8888888888888888
888888888888888                   888888888888888
8888888888888                      88888888888888
 88888888888                        88888888888888
 8888888888                          8888888888888
 88888888888                          8888888888888
  8888888888                           888888888888
  88888888888                           888888888888
   88888888888                           888888888888
   888888888888                          8888888888888
   888888888888                           888888888888
    888888888888                          8888888888888
    888888888888                          8888888888888
    888888888888                           888888888888
     88888888888                           888888888888
     88888888888                           888888888888
     88888888888                           888888888888
      8888888888                            88888888888
      8888888888                            88888888888
      8888888888                            8888888888
       888888888                             888888888
       888888888                             888888888
        88888888                             888888888
        88888888                             88888888
        88888888                             88888888
         8888888                             88888888
         8888888                             88888888
         8888888                             88888888
         8888888                             8888888
          888888                             8888888
          888888                             8888888
          888888                             8888888
88888888888888888888888888888888888888888888888888888888888888888888888
88888888888888888888888888888888888888888888888888888888888888888888888
88888888888888888888888888888888888888888888888888888888888888888888888

