
   888 888 888   888    888  888  8888888  8888888  888888   444 444 444   444    444  444  4444444  4444444  444444
   888 888 888   888    888  888  8888888  8888888  8888888   444 444 444   444    444  444  4444444  4444444  4444444
    8   8   8     8      8 8  8   8  8  8   8    8   8    8    4   4   4     4      4 4  4   4  4  4   4    4   4    4
    8   8   8     8      8 8  8      8      8        8    8    4   4   4     4      4 4  4      4      4        4    4
     8 8 8 8     8 8     8  8 8      8      8        8    8     4 4 4 4     4 4     4  4 4      4      4        4    4
     8 8 8 8     8 8     8  8 8      8      8888     8    8     4 4 4 4     4 4     4  4 4      4      4444     4    4
      8   8     88888    8   88      8      8        8    8      4   4     44444    4   44      4      4        4    4
      8   8     8   8    8   88      8      8    8   8    8      4   4     4   4    4   44      4      4    4   4    4
     888 888   888 888  888   8     888    8888888  8888888     444 444   444 444  444   4     444    4444444  4444444
     888 888   888 888  888   8     888    8888888  888888     444 444   444 444  444   4     444    4444444  444444









                            888888888888                            444444444444
                        8888:          :8888                        4444            4444
                        8::: :          ::::88  88888888                        4                   44  44444444
                        8::::          : ::88888        8888                        4                  44444        4444
                        8::: :       888888          8888    88                        4            444444          4444    44
88                      8::::   88888      888888           88 8844                      4       44444      444444           44 44
8/88888888            8888888888////8888//                    88 84 44444444            4444444444    4444                      44 4
8/////////888888888888///////8888////////   //                    84         444444444444       4444                                 4
 8//////////////888888///////////////////////                    8 8 4              444444                                           4 4
  88/////////8888888888888//888888888//////////////               8 8  44         4444444444444  444444444                             4 4
    88////888888888888888888   8888  888//////////                 88    44    444444444444444444   4444  444                           44
      88/8888888888888888     8   88888888///////////               8      44 4444444444444444     4   44444444                          4
        888 88888888888/8      8888   88888////////                 8        444 44444444444 4      4444   44444                         4
        8  88888888888/8888  8888       8888///////////            88        4  44444444444 4444  4444       4444                       44
       8  88888888888//88  8    888    88888888//////             8 8       4  44444444444  44  4    444    44444444                   4 4
         88888888888////8888   888888 8888     8//////////       8 8         44444444444    4444   444444 4444     4                 4 4                         &      &&&
         8888888888///88888     888   888 8    8/////////       8 8         4444444444   44444     444   444 4    4                4 4                        &&       &
          8888888888/8  88               8    8///////////   88 88          4444444444 4  44               4    4              44 44
 88       8888888   88  8               8888  8////////////88 88 44       4444444   44  4               4444  4            44 44
8888        88888     8 8               8  8 8/////////////8884444        44444     4 4               4  4 4             444
8///8         888     8 8               8   8//////////88884   4         444     4 4               4   4          4444
 8///8          88     8 8   88            888888888888 4   4          44     4 4   44            444444444444
  8///8                 88888 8       8   8  4   4                 44444 4       4   4
   8///8                 8   8         888   4   4                 4   4         444
   88///8                8   8         88   44   4                4   4         44
   8/8///8               8  8          8   4 4   4               4  4          4
    8/8///8              8 88888      88    4 4   4              4 44444      44
     8/8///8             8 8 88       88     4 4   4             4 4 44       44
      8/8///8            88 88  8    88      4 4   4            44 44  4    44
       8/8///8         88 88  88    888       4 4   4         44 44  44    444
        8/8///8      88  8 888     8 88        4 4   4      44  4 444     4 44
         888///8    888 8    8     8  8   888    88888888         444   4    444 4    4     4  4   444    44444444
        888/8//888  8888      8   8   8  88888888////////88        444 4  444  4444      4   4   4  44444444        44
        8/8//888888   8        888    8 88888//88888///////8        4 4  444444   4        444    4 44444  44444       4
        888//88/8888             8    8 8888888/////88//////8        444  44 4444             4    4 4444444     44      4
        8/8//88888/88        88888888 8 8888//88888/////////8        4 4  44444 44        44444444 4 4444  44444         4
       8/8/8//8/8/8/88     88////////8888//88888888888888///8       4 4 4  4 4 4 44     44        4444  44444444444444   4
    888/8888///8/8/8/8     8/8////////88888888//88       8888    444 4444   4 4 4 4     4 4        44444444  44       4444
   8  8/8 8 8///888/8    8888888888888//8888::8///8   4  4 4 4 4   444 4    4444444444444  4444  4   4
   8  888888//////88     888//////////888888:::888//8   4  444444      44     444          444444   444  4
    888 888////88888    888888888///88/88888:8:8  88888    444 444    44444    444444444   44 44444 4 4  44444
    888888888///8   8   8888///88888//888888:8:88    444444444   4   4   4444   44444  444444 4 44
   8 88888   8//8      88888////////88888888:8:88   4 44444   4  4      44444        44444444 4 44
  888     8888888888   888888//////888888888:8:8:8  444     4444444444   444444      444444444 4 4 4
  888888888 88      8  888888/////8888888888:8:8:88  444444444 44      4  444444     4444444444 4 4 44
 8         8//8888888 88888888///888888888888:::8::8 4         4  4444444 44444444   444444444444   4  4
 8 888888888//8   88 8:888888:8/88888     888::8::::88 4 444444444  4   44 4 444444 4 44444     444  4    44
  8 88888////8 888   8:888888:888      888888::::::::88  4 44444    4 444   4 444444 444      444444        44
   8/8///8//888     8:8888888:8     888     8:::::888::888   4 4   4  444     4 4444444 4     444     4     444  444
    8/8//8/88888    8:8888888:8  888        88::::8888888:88    4 4  4 44444    4 4444444 4  444        44    4444444 44
     888888  88:88888:8888888::88       88888888888:::88:8::8     444444  44 44444 4444444  44       44444444444   44 4  4
         8  8::::8:8::8888888:8 8    888       8888:::::8::::8         4  4    4 4  4444444 4 4    444       4444     4    4
        8888::::::88::8888888:8  8888        88 8  8:8:::::::8        4444      44  4444444 4  4444        44 4  4 4       4
          888:::::8::888888888:88888      888    8 8:8:::::88          444     4  444444444 44444      444    4 4 4     44
             888:::::888888888:::888888888     888888::8888             444     444444444   444444444     444444  4444
                88888888888888:::888888    8888 8888888                44444444444444   444444    4444 4444444
                     888888888:::888888888888888                     444444444   444444444444444
                    8888888888:::8888888888888888                    4444444444   4444444444444444
                    8888888888:::88888888888888888                    4444444444   44444444444444444
                    8 8::::::::::::::::::::::88888                    4 4                      44444
                       8::::::::::::8888888::88888                       4            4444444  44444
                        888888888888///////888                        444444444444       444
                       8   8////////88888888                       4   4        44444444
                       8888888888888888888888                       4444444444444444444444
                       888    888888888888888                       444    444444444444444
                       888 88 888888888888888                       444 44 444444444444444
                       888    888888888888888                       444    444444444444444
                        888888888888//////8 8                        444444444444      4 4
                          8/////8/8///////8                          4     4 4       4
                          8/////8/8///////8                          4     4 4       4
                          8/////8/8///////8                          4     4 4       4
                      8   8/8////8/8///////8                      4   4 4    4 4       4
                      88888//8///888///////8                      44444  4   444       4
                      88888///88/8 88//////8                      44444   44 4 44      4
                      88888/88888    8//////8                      44444 44444    4      4
                      8888///8888    8//////8                      4444   4444    4      4
                    8 8888//8//8      8//////8                    4 4444  4  4      4      4
                   888888//////8      8//////8                   444444      4      4      4
                   888888/////8        8//////8                   444444     4        4      4
                  8888888/////8        8//////8                  4444444     4        4      4
                    8888/////8          8/////8                    4444     4          4     4
                    8888/////8          8/////8                    4444     4          4     4
                    8888/////8           8/////8                    4444     4           4     4
                   88888////8            8/////8                   44444    4            4     4
                  88888/////8            8/////8                  44444     4            4     4
                  88888////8              8/////8                  44444    4              4     4
                     8/////8              8/////8                     4     4              4     4
                    8/////8                8/////8                    4     4                4     4
                   8//////8                8/////8                   4      4                4     4
                   88888//8                8//88888                   44444  4                4  44444
                   888///8                 8///888                   444   4                 4   444
                    8/88/8                 8//8/8                    4 44 4                 4  4 4
                    8////8                 8////8                    4    4                 4    4
                    8////8                 8////8                    4    4                 4    4
                     8///8                 8///8                     4   4                 4   4
                     8///8                 8///8                     4   4                 4   4
                     8///8                 8///8                     4   4                 4   4
                      8///8               8///8                      4   4               4   4
                      8///8               8///8                      4   4               4   4
                      8///8               8///8                      4   4               4   4
                      88///888          888///88                      44   444          444   44
                      88888888          88888888                      44444444          44444444
                       8   8 8          8 8   8                       4   4 4          4 4   4
                       8   8  8        8  8   8                       4   4  4        4  4   4
                        8  88 8        8 88  8                        4  44 4        4 44  4
                        8   8 8        8 8   8                        4   4 4        4 4   4
                         888888        888888                         444444        444444
                         888888        888888                         444444        444444
                          888888      888888                          444444      444444
                          888888      888888                          444444      444444
                           888888    888888                           444444    444444
                           888888    888888                           444444    444444
                            888888  888888                            444444  444444
                        88  888888  888888  88                        44  444444  444444  44
                     8888888888888  8888888888888                     4444444444444  4444444444444
                      888888888888  888888888888                      444444444444  444444444444
       88888888888888888888888888    88888888888888888888888888       44444444444444444444444444    44444444444444444444444444
        8888888888888888888888888    8888888888888888888888888        4444444444444444444444444    4444444444444444444444444
         8888888888888888   8888      8888   8888888888888888         4444444444444444   4444      4444   4444444444444444









           888     888  888   8888   888 888  888 888           444     444  444   4444   444 444  444 444
           888     888  888  888888  888 888  888 888           444     444  444  444444  444 444  444 444
            8       8    8   8    8   8  8     8   8            4       4    4   4    4   4  4     4   4
            8       8    8   8        8 8       8 8            4       4    4   4        4 4       4 4
            8       8    8   8        88        8 8            4       4    4   4        44        4 4
            8       8    8   8        88         8            4       4    4   4        44         4
            8       8    8   8        8 8        8            4       4    4   4        4 4        4
            8    8  8    8   8    8   8  8       8            4    4  4    4   4    4   4  4       4
           8888888  888888   888888  888 888    888           4444444  444444   444444  444 444    444
           8888888   8888     8888   888 888    888           4444444   4444     4444   444 444    444



               888     888  888  888 888  8888888               444     444  444  444 444  4444444
               888     888  888  888 888  8888888               444     444  444  444 444  4444444
                8       8    8    8  8     8    8                4       4    4    4  4     4    4
                8       8    8    8 8      8                4       4    4    4 4      4
                8       8    8    88       8                4       4    4    44       4
                8       8    8    88       8888                4       4    4    44       4444
                8       8    8    8 8      8                4       4    4    4 4      4
                8    8  8    8    8  8     8    8                4    4  4    4    4  4     4    4
               8888888  888888   888 888  8888888               4444444  444444   444 444  4444444
               8888888   8888    888 888  8888888               4444444   4444    444 444  4444444

