
44441111111144   4111111111114     4444444444
4444        44                     444444444
44441111111144                     44444444
4444        44                     4444444
44441111111144                     444444
4444        44                     44444
44441111111144                     4444
4444        44                     444
4444444444444444444444444444444444444
444444444444444444444444444444444444
4444        44                    4
4444                             4
44                              4
44





1             4444
1            444444
1           4444444
1          44444444
1         444444444
1        4444444444
1       4444444444
1      4444444444
1     4444444444444
1    4444444444    4
14  44444444444     4
144 44444444444      4
1 4444444444444       4
1  444444444444       4  4
1 4444444444444       4 4
144 44444444444       444
14  44444444444       444
1   44444444444       4 4
1   44444444444       4  4
1   44444444444      4
1   44444444444     4
1   44444444444    4
1   444444444444444
1   4444444444444
1   4444444444444
1   44444444444488 88
1   444444448888888888
1   444444448888888888
1   444444448888888888
1   44444444888888
1   44444448888 88
14  4444888888  88
144 4444888888  88
1 444444        88
1  4444444444    1
1 444444444444   1
144 4444444444   1
14  44444        1
1   4444         1
1   444   44     1
1   44   4  4    1
1   4   4    4  1
1       4  4 4  1
1        44  4 1
 4           4 1
  4         4 1
   4       4  1
    4     4  1
     44444   1
            1
            1
            1
            1
            1
            1
            1
            1
4           1
4           1
 4          1
  444       1
    44     41
    44 4444 1
  8  44444441
  8  44444441 8
  8   4444441  88
  8   4444441    88
  8   4444441      88
  8   4444441       888
  8   4444441      8   88
  8   4444441     8      88
  8   4444441    8        888
  8   4444441    8       8   88
  8   4444441    8      8     888
  8   4444441    8      8    8   88
  8    444441           8    8    888
  8    444441           8    8   8   88
8     4444441   4   4   8    8   8    888
88 4  44444414   4 4         8   8   8   88
88 4  44 444144   4                       888
888 4 4   441444 4           8   8   8   88
8 8  44    414044            8   8    888
  8   4     1444        8    8   8   88
  8         1444 4      8    8    888
  8         144   4     8    8   88
  8    8    140  4 4    8     888
  8    8    1    4  4    8   88
  8    8    1             888
  8    8    1            88
  8    8    1      8   88
  8    8    1       888
  8     8   1      88
  8      8  1    88
  8       8 1  88
  8         1 8
  8         1
   8     88 1
    8  88   1
     88     1
            1
            1
            1
4           1
4           1
 4          1
  444       1
    44     41
    44 4444 1
     44444441
     44444441
      4444441
      4444441
      4444441
      4444441
      4444441
      4444441
      4444441
      4444441
      4444441
      4444441
       444441
       444441
      4444441   4   4
   4  44444414   4 4
   4  44 444144   4
    4 4   441444 4
     44    414044
      4     144444
            1444  4
            144  4 4
            140  4  4
            1
            1
            1
            1
            1
            1
            1
            1
            1
            1
            1
            1
            1
            1
    4       1
    4       1
     4      1
      444   1
        44  1  4
        44 4144
         4441444
         4441444
          441444
          441444
          441444
          441444
          441444
          441444
          441444
          441444
          441444
          441444
           41444
           414444   4   4
          44144444   4 4
       4  441444444   4
       4  4414444444 4
        4 4  1 444044
         44   1 444444
          4    1 444  4
                144  4 4
                140  4  4
                1
                1
                1
                1
                1
                1
                1
                1
                1
                1
                1
                1
                1
                1
        4       1
        4       1
         4      1
          444   1
            44  1  4
            44 4144
             4441444
             4441444
              441444
              441444
              441444
              441444
              441444
              441444
              441444
              441444
              441444
              441444
               41444
               414444   4   4
              44144444   4 4
           4  441444444   4
           4  441 444444 4
            4 4  1 444044
             44   1 444444
              4    1 444  4
                    144  4 4
                    140  4  4
                    1
                    1
                    1
                    1
                    1
                    1
                    1
                    1
                    1
                    1
                    1
                    1
                    1
                    1
            4       1
            4       1
             4      1
              444   1
                44  1  4
                44 4144
                 4441444
                 4441444
                  441444
                  441444
                  441444
                  441444
                  441444
                  441444
                  441444
                  441444
                  441444
                  441444
                   41444   4   4
                   4144444  4 4
                  441444444  4
               4  441 444444 4
               4  44 1 444044
                4 4   1 44444
                 44    1 444 4
                  4     144   4
                        140  4 4
                        1    4  4
                        1
                        1
                        1
                        1
                        1
                        1
                        1
                        1
                        1
                        1
                        1
                        1
                        1
                        1
                4       1
                4       1
                 4      1
                  444   1
                    44  1  4
                    44 4144
                     4441444
                     4441444
                      441444
                      441444
                      441444
                      441444
                      441444
                      441444
                      441444
                      441444
                      441444
                      441444
                       414444   4   4
                       4144444   4 4
                      441444444   4
                   4  441 444444 4
                   4  44 1 444044
                    4 4   1 44444
                     44    1 444 4
                      4     144   4
                            140  4 4
                            1    4  4
                            1
                            1
                            1
                            1
                            1
                            1
                            1
                            1
                            1
                            1
                            1
                            1
                            1
                            1
                    4       1
                    4       1
                     4      1
                      444   1
                        44  1  4
                        44 4144
                         4441444
                         4441444
                          441444
                          441444
                          441444
                          441444
                          441444
                          441444
                          441444
                          441444
                          441444
                          441444
                           414444   4   4
                           4144444   4 4
                          441444444   4
                       4  441 444444 4
                       4  44 1 444044
                        4 4   1 44444
                         44    1 444 4
                          4     144   4
                                 40  4 4
                                     4  4






             EIGHT LEVEL COMPUTER PRINT OBTAINED FROM JPL

                  "SANTA IN SLEIGH WITH REINDEER"

           REWORKED BY DOUG, K6HGF, NORTHRIDGE, CALIFORNIA

