                                                              0    0
                    000000000                          000   0      0                      000000000
                0000000000000000000                   0   0 0 0000                   0000000000000000000
              0000000000000000000000000              0    0 00    0              0000000000000000000000000
             000000000     000000000000000                 00                 000000000000000     000000000
           0000000               00000000000          000000000000          00000000000               0000000
          000000                     00000000     00000000000000000000     00000000                     000000
        000000                         0000000 00000000000000000000000000 0000000                         000000
       000000                            00000000000000000000000000000000000000                            000000
      000000                               0000000000000000000000000000000000                               000000
     00000                               00000000000000000000000000000000000000                               00000
     0000                               0000000000000000000000000000000000000000                               0000
    00000                              000000000000000000000000000000000000000000                              00000
   00000                               000000000000000000000000000000000000000000                               00000
   0000                               0000000000000XXX000000000000XXX0000000000000                               0000
  0000                                00000000000XX   XX00000000XX   XX00000000000                                0000
  0000                                0000000000X       X000000X       X0000000000                                0000
  0000                                000000000X         X0000X         X000000000                                0000
  0000                                000000000X         X0000X         X000000000                                0000
 00000                                000000000X         X0000X         X000000000                                00000
 0000                                  00000000X         X0000X         X00000000                                  0000
 0000                                  00000000X         X0000X         X00000000                                  0000
 0000                                   0000000X   MMM   X0000X   MMM   X0000000                                   0000
 0000                                   0000000X MMMMMMM X0000X MMMMMMM X0000000                                   0000
 00000                                   000000XMMMMM  MMX0000XMMMMM  MMX000000                                   00000
  0000                                    00000XMMMMM  MMX0000XMMMMM  MMX00000                                    0000
  0000                                    00000XMMMMMMMMMX0000XMMMMMMMMMX00000                                    0000
  00000                                    0000X MMMMMMM X0000X MMMMMMM X0000                                    00000
   00000                                    000X   MMM   X0000X   MMM   X000                                    00000
    0000                                     00XXXXXXXXXXX0000XXXXXXXXXXX00                                     0000
    00000                                     0          MMMMMM          0                                     00000
     00000                                   0         MMMMM  MMM         0                                   00000
      0000                                  0     .    MMMMM  MMM    .     0                                  0000
      00000                                0    .   .  MMMMMMMMMM  .   .    0                                00000
       00000                              00   .  .      MMMMMM      .  .   00                              00000
        00000                           0000        .      00      .        0000                           00000
         00000                         00000   .  .       0000       .  .   00000                         00000
          000000                     00000000           00 00 00           00000000                     000000
           00000000               000000000  0       000   00   000       0  000000000               00000000
            0000000000         0000000000    00000000      00      00000000    0000000000         0000000000
              0000000000000000000000000      0 0           00           0 0      0000000000000000000000000
                 0000000000000000000        0  0           00           0  0        0000000000000000000
                    000000000000           0   0           00           0   0           0000000000   0
                                         00    0           00           0    00                   0   0          0   0
                                       00      0           00           0      00                  0   0        0   0
                                    000        0           00           0        000                0   0      0   0
                                 000           00000000000000000000000000           000              0   0    0   0
                                0                                                      0              0   0  0   0
                               0                                                        0             0    00   0
                              0                                                          0            0        00000
                              0                                                          0             00000000 00 0
                              0                                                           0            0      0 00000
                              0                        0000000000                         0            0000000     0
                             0                      000..........000                       0           0          0
                             0                     0................0                      0            0       00
                             0                    0..................0                     0           0        0
                             0             0      0..................0      0              0         00        0
                             0             0      0..................0      0               0       0          0
                             0             0      0..................0      00               0     0          0
                             0             0      0..................0      00               0    0           0
                              0            0      0..................0      0 0              0   0           0
                              0            0      0..................0      0 0               0 0            0
                              0            0      0..................0      0  0              0  0           0
                              0            0      0..................0      0  0              00            0
                               0           0      0..................0      0   0              0           0
                               0           0      0..................0      0    0                        0
                               0          0       0..................0       0   0                       0
                               0          0       0..................0       0    0                     0
                                0        0        0..................0        0    0                   0
                                 0       0        0..................0        0     0                 0
                                 0       0        0..................0        0      0              00
                                  0     0         0..................0         0      00           0
                                  0    0         0....................0         0       0        00
                                   0   0         0....................0         0        00    00
                                    0 0         0......................0         0         0000
                                     0         0........................0         0
                                    0         0..........................0         0
                                   0          0..........................0          0
                                  0          0............................0          0
                                 0          0..............................0          0
                               00          0................................0          00
                              0           0..................................0           0
                             0           0....................................0           0
                             0          0......................................0          0
                            0          0........................................0          0
                           0          0..........................................0          0
                           0          0..........................................0          0
                           0         0............................................0         0
                          0         0..............................................0         0
                          0         0.....................0000.....................0         0
                          0         0....................000000....................0         0
                          0         0...................00    00...................0         0
                          0         0...................00    00...................0         0
                          0         0....................000000....................0         0
                           0         0....................0000....................0         0
                            0         0..........................................0         0
                            0          0........................................0          0
                             0          0......................................0          0
                              0          000................................000          0
                               00           0000000..................0000000           00
                                 000               000000000000000000                00
      000     00     000            0000                                        00000
       0 00  0  0  00 0                 00000000                        00000000 0   0
        0  000  000  0                         00                      00         0   0
         0   0  0   0                            0                    0            0   0
         0          0                            0                    0             0  0
         0          0                            0                    0             0  0
          0        0      0                      0                    0             0  0
           0      0      00                      0                    0             0   0
   0        0    0     00 0                      0                    0              0   0
   00        0000    00  0                       0         00         0               0   0
   0 00       00    0    0                       0         00         0                0  0
    0  00     00   0    0                        0         00         0                0  0
    0    0    00  0    0                         0         00         0                0   0
     0    0   00 0   0                           0         00         0                 0   0
      0    0  000   0                            0         00         0                  0   0
       0    0 000000                             0         00         0                   0   0
        00   000                                 0         00         0                    0   0                  0000
          0  000                                 0         00         0                     0   0                0   0
           00000   00             0000000000000000         00         0000000000000000       0   0               0   0
              00  0  0        0000                         00                         0000    0   0             0   0
              00     0  000 00                             00                             00   0   00        000    0
              00 00  0 0   0                               00                               0   00   00000000     00
              00   0 00    0                               00                               0     00           000
              00    00     000000000000000000000000000000000000000000000000000000000000000000       00000000000







FFFFFFFFFFFF      RRRRRRRRRR          AAAAAAAA        TTTTTTTTTTTT      RRRRRRRRRR          AAAAAAAA        TTTTTTTTTTTT
FFFFFFFFFFFF      RRRRRRRRRRRR       AAAAAAAAAA       TTTTTTTTTTTT      RRRRRRRRRRRR       AAAAAAAAAA       TTTTTTTTTTTT
FF                RR        RR      AA        AA           TT           RR        RR      AA        AA           TT
FF                RR        RR      AA        AA           TT           RR        RR      AA        AA           TT
FF                RR        RR      AA        AA           TT           RR        RR      AA        AA           TT
FFFFFFFF          RRRRRRRRRRR       AAAAAAAAAAAA           TT           RRRRRRRRRRR       AAAAAAAAAAAA           TT
FFFFFFFF          RRRRRRRRRR        AAAAAAAAAAAA           TT           RRRRRRRRRR        AAAAAAAAAAAA           TT
FF                RR    RR          AA        AA           TT           RR    RR          AA        AA           TT
FF                RR     RR         AA        AA           TT           RR     RR         AA        AA           TT
FF                RR      RR        AA        AA           TT           RR      RR        AA        AA           TT
FF                RR       RR       AA        AA           TT           RR       RR       AA        AA           TT
FF                RR        RR      AA        AA           TT           RR        RR      AA        AA           TT
