
                        888888888888888888888
                      888888888888888888888888888
                  88888888888888888888888888888888
                888888888888888888888888888888888888
               888888888888888888888888888888888888888
              88888888888888888888888888888888888888888                               4444444444
            8888888888888888        8888888888888888888                         444        4444
          888888888888        8888    888888888888888888                 44444        4444    444     4444444444
        888888888888   8888  8888  88  88888888888888888                4444   4444  4444  44  44444444444444444
       8888888888888  88888      8888  888888888000000000                4444  44444      4444  444444
      8888888888888            88888  888880000000000000000                444            44444  44444
      888888888888888  888888          8888800000000000000000                 4444  444444          44444
     88888888888888888  8888     8888  88888000000000000000000                  4444  4444     4444  44444
    8888888888888888888          888  8888888000000000000000000                   4444          444  4444444
   888888888888888888888  8888 88  ..:::::::::000000000000000000                 4444444  4444 44
 888888888888888888888888....8    8::::::::::0000000000000000000              44444444444    4    4
8888888888888888  8:::::::::8  88  8::::::::::000000000000000000             444  4         4  44  4
8888888888888888  8:::::::::8  888  8::::::::::000000000000000000           44444  4         4  444  4
 888888888888888  8:::::::::8  8888  8::::::::::000000000008888880          444444  4         4  4444  4                     444444
 888888888 88888  8:::::::::8  88888  8:::::::::000000000008::::::8        44 44444  4         4  44444  4                    4      4
 88888888    888  8:::::::::8  888     8:::::::::000000088:888888::8       44    444  4         4  444     4                44 444444  4
  888888    8888  8:::::::::8  8888    8:::::::::00000008:::8::::8::8     444    4444  4         4  4444    4                4   4    4  4
  888888   88888  8:::::::::8  88888   8:::::::::000000::::::::::8::8     444   44444  4         4  44444   4                         4  4
   888:8   88888  8:::::::::8  88888   8:::::::::000000::::::::::8::8     4 4   44444  4         4  44444   4                         4  4
    88:88888888888::::::::::888888888888::::::::::00000:::::::::8::8     4 44444444444          444444444444                        4  4
    88::::::::::8:::::::::::::::::::::::::::::::::00000::::::::8::8     4          4                                              4  4
     8:::::::::8::::::::::::::888:::::::::::::::::0000::::::::8::8     4         4              444                             4  4
      8:::::::8::::::::888888:::8:::::::::::::::::0000:::::::8::8      4       4        444444   4                            4  4
      8:::::::8:::::::8888888::8:::::::::::::::::::::::::::::::8      4       4       4444444  4                               4
      8::::::::8888888888888888::::::::::::::::::::::::::::::::8      4        4444444444444444                                4
       8:::::8::::::::::::::::::8::::::::::::::::::::::::::::::8       4                                                       4
       8::::8::::::::::::::::::::8:::::::::::::::::::::88:::::8       4                                               44     4
        8::8::::::::::::::::::::::8::::::::::::::::::::8:88888        4                                              4 44444
        8::8:::::::::::::::::::::::8::::::::::::::::::80000        4                                             4
         8:::::::::::::::::::::::::::::::::::::::::::80000         4                                           4
         8::::::888888888888888888::::::::::::::::::800000         4      444444444444444444                  4
         8:::88888:::::::::::::::88888:::::::::::::800000         4   44444               44444             4
          8:888:::::88888888888::::::8888:::::::::8000000          4 444     44444444444      4444         4
          8::::::88888::::::::88888::::::::::::::8:80000          4      44444        44444              4 4
           8::::::::::::::::::::::::::::::::::::8::8000           4                                    4  4
           8:::::::::::::::::::::::::::::::::::8:::800           4                                   4   4
            8:::::::::::::::::::::::::::::::::8:::::8            4                                 4     4
             8:::::::::::::::::::::::::::::::8::::::8             4                               4      4
              8:::::::::::::::::::::::::::::8:::::::8              4                             4       4
               8::::::::::::::::::::::::::88::::::::8               4                          44        4
                8:::::::::::::::::::::::88::::::::::                4                       44
                 8::::::::::::::::::::88::::::::::                 4                    44
                  88:::::::::::::::888:::::::::                  44               444
                    888888888888888::::::::::                    444444444444444
                                88::::::::                                44
                                 88::::::                                 44
                                  88:::


                      OLD SWISS SOLDIER

