
      888
     88888
    88   88
   88     88
  88       8888888888888
  88        8888888888888
  88   8     88         88
  88  888    88          88
  88 88888   88           88
  88 8888888888            88
  88 8888888888            88
  88 8888888888            88
  88 88888   88           88
  88  888    88          88
  88   8     88         88
  88        8888888888888
  88       8888888888888
   88     88
    88   88
     88888
      888

                   8888888
                  88888888
              8  888888888
              88  88888888
               88  888888
                88  8888
                 88  88
                  888888
                   88888
                  888888
                 88  88
                88  8888
               88  888888
              88  88888888
               8  888888888
                  88888888
                   888888



  888888888888888888888888888  444444444444444444444444444
  888888888888888888888888888  4                         4
  88                       88  4                         4
  88888888888888888888888 888  4                         4
  88888888888888888888888 888  4                         4
                     888 888                     4     4
                    888 888                    4     4
                   888 888                   4     4
                  888 888                  4     4
                 888 888                 4     4
                888 888                4     4
                 888 888                 4     4
                  888 888                  4     4
                   888 888                   4     4
                    888 888                    4     4
                     888 888                     4     4
  88888888888888888888888 888  444444444444444444444    44
  88888888888888888888888  88  4                         4
  88                       88  4                         4
  888888888888888888888888888  4                         4
  888888888888888888888888888  444444444444444444444444444

  888888888888888888888888888  444444444444444444444444444
  888888888888888888888888888  4                         4
  88                       88  4                         4
  88 8888888888 8888888888 88  4                         4
  88 8888888888 8888888888 88  4                         4
  88 88      88 88      88 88  4   4      4   4      4   4
  88 88      88 88      88 88  4   4      4   4      4   4
  88 88      88 88      88 88  4   4      4   4      4   4
  88 88      88 88      88 88  4   4      4   4      4   4
  88 88      88 88      88 88  4   4      4   4      4   4
  88 88      88 88      88 88  4   4      4   4      4   4
  88 88      88888      88 88  4   4      4   4      4   4
  88 88      88888      88 88  4   4      44444      4   4
  88 88                 88 88  4   4                 4   4
  88 88                 88 88  4   4                 4   4
  88 88                 88 88  4   4                 4   4
  88 88                 88 88  4   4                 4   4
  88 88                 88 88  4   4                 4   4
  88 88                 88 88  4   4                 4   4
  88888                 88888  4   4                 4   4
  88888                 88888  44444                 44444

  888888888888888888888888888  444444444444444444444444444
  888888888888888888888888888  4                         4
  88                       88  4                         4
  8888888888888 8888888888 88  4                         4
  8888888888888 8888888888 88  444444444444   44444444   4
             88 88      88 88             4   4      4   4
             88 88      88 88             4   4      4   4
             88 88      88 88             4   4      4   4
             88 88      88 88             4   4      4   4
            888 88      88 88            4    4      4   4
           888  88      88 88           4     4      4   4
          888 8 88      88 88          4      4      4   4
         888 88 88      88 88         4       4      4   4
        888 888 88      88 88        4        4      4   4
       888 8888 88      88 88       4         4      4   4
      888 88888 88      88 88      4     4    4      4   4
     888 888 88 8888888888 88     4     4 4   4      4   4
    888 888  88 8888888888 88    4     4  4   44444444   4
   888 888   88            88   4     4   4              4
  8888888    8888888888888888  4     4    4              4
  888888     8888888888888888  444444     4444444444444444

  888888888888888888888888188  444444444444444444444444444
  888888888888888888888888888  4                         4
  88                       88  4                         4
  8888888888888 8888888888 88  4                         4
  8888888888888 8888888888 88  444444444444   44444444   4
             88 88      88 88             4   4      4   4
             88 88      88 88             4   4      4   4
             88 88      88 88             4   4      4   4
             88 88      88 88             4   4      4   4            888 88      88 88            4    4      4   4
           888  88      88 88           4     4      4   4
          888 8 88      88 88          4      4      4   4
         888 88 88      88 88         4       4      4   4
        888 888 88      88 88        4        4      4   4
       888 8888 88      88 88       4     4   4      4   4
      888 88888 88      88 88      4     44   4      4   4
     888 888 88 8888888888 88     4     4 4   4      4   4
    888 888  88 8888888888 88    4    4   4              4
   888 888   88            88   4     4   4              4
  8888888    8888888888888888  4     4    4              4
  888888     8888888888888888  444444     4444444444444444

                      8888888                      4444444
                      8888888                      4     4
                     888 888                     4     4
                    888 888                    4     4
                   888 888                   4     4
                  888 888                  4     4
                 888 888                 4     4
                888 888                4     4
  8888888888888888 888  44444444444444     4
  888888888888888 888  4                 4
  88             888  4                4
  888888888888888 888  4                 4
  8888888888888888 888  44444444444444     4
                888 888                4     4
                 88 888                 4    4
                  888 888                  4     4
                   888 888                   4     4
                    888 888                    4     4
                     888 888                     4     4
                      8888888                      4     4
                      8888888                      4444444




    88888888888888888888888    44444444444444444444444
  888888888888888888888888888  4                         4
  888                     888  4                         4
  88  8888888888888888888  88  4                         4
  88 888888888888888888888 88  4     444444444444444     4
  88 888               888 88  4    4               4    4
  88 88                 88 88  4   4                 4   4
  88 88                 88 88  4   4                 4   4
  88 88                 88 88  4   4                 4   4
  88 88                 88 88  4   4                 4   4
  88 88                 88 88  4   4                 4   4
  88 88                 88 88  4   4                 4   4
  88 88                 88 88  4   4                 4   4
  88 88                 88 88  4   4                 4   4
  88 88                 88 88  4   4                 4   4
  88 888               888 88  4    4               4    4
  88 888888         888888 88  4     444         444     4
  88  88888         88888  88  4       4         4       4
  888    88         88    888  4       4         4       4
   88888888         88888888   4      4         4      4
    8888888         8888888    4444444         4444444

  888888888888888888888888888  444444444444444444444444444
  888888888888888888888888888  4                         4
  88                       88  4                         4
  8888888888888 8888888888888  4                         4
  8888888888888 8888888888888  444444444444   444444444444
             88 88             4   4
             88 88             4   4
             88 88             4   4
             88 88             4   4
             88 88             4   4
             88 88             4   4
             88 88             4   4
             88 88             4   4
             88 88             4   4
             88 88             4   4
             88 88             4   4
  8888888888888 8888888888888  444444444444   444444444444
  8888888888888 8888888888888  4                         4
  88                       88  4                         4
  888888888888888888888888888  4                         4
  888888888888888888888888888  444444444444444444444444444

  888888808888888888888888888  444444444444444444444444444
  888888888888888888888888888  4                         4
  88                       88  4                         4
  8888888888888 8888888888 88  4                         4
  8888888888888 8888888888 88  444444444444   44444444  44
             88 88      88 88             4   4      4   4
             88 88      88 88             4   4      4   4
             88 88      88 88             4   4      4   4
             88 88      88 88             4   4      4   4
            888 88      88 88            4    4      4   4
           888  88      88 88           4     4      4   4
          888 8 88      88 88          4      4      4   4
         888 88 88      88 88         4       4      4   4
        888 888 88      88 88        4        4      4   4
       888 8888 88      88 88       4    44   4      4   4
      888 88888 88      88 88      4     44   4      4   4
     888 888 88 8888888888 88     4     4 4   4      4   4
    888 888  88 8888888888 88    4     4  4   44444444   4
   888 888   88            88   4     4   4              4
  8888888    8888888888888888  4     4    4              4
  888888     8888888888888888  444444     4444444444444444

  88888                 88888  44444                 44444
  88888                 88888  4   4                 4   4
  88 88                 88 88  4   4                 4   4
  88 88                 88 88  4   4                 4   4
  88 88                 88 88  4   4                 4   4
  88 888888888888888888888 88  4   4444444444444444444   4
  88 888888888888888888888 88  4                         4
  88                       88  4                         4
  88 888888888888888888888 88  4   4                 4   4
  88 888888888888888888888 88  4   4444444444444444444   4
  88 88                 88 88  4   4                 4   4
  88 88                 88 88  4   4                 4   4
  88 88                 88 88  4   4                 4   4
  88888                 88888  4   4                 4   4
  88888                 88888  44444                 44444

  88888        888888888888  44444        444444444444
  88888       88888888888888  4   4       4            4
  88 88      8888        8888  4   4      4              4
  88 88      888  888888  888  4   4      4             4
  88 88      88  88888888  88  4   4      4      4       4
  88 88      88 8888  8888 88  4   4      4     4  4     4
  88 88      88 888    888 88  4   4      4    4    4    4
  88 88      88 88      88 88  4   4      4   4      4   4
  88 88      88 88      88 88  4   4      4   4      4   4
  88 88      88 88      88 88  4   4      4   4      4   4
  88 88      88 88      88 88  4   4      4   4      4   4
  88 88      88 88      88 88  4   4      4   4      4   4
  88 88      88 88      88 88  4   4      4   R      4   4
  88 88      88 88      88 88  4   4      4   4      4   4
  88 888    888 88      88 88  4    4    4    4      4   4
  88 8888  888  88      88 88  4     4  4     4      4   4
  88  888888888 88      88 88  4      44      4      4   4
  888  8888888 888      88 88  4      44      4      4   4
  8888        8888      88 88  4              4      4   4
   88888888888888       88888   4            4       4   4
    888888888888        88888    444444444444        44444

                        88888                        44444
                        88888                        4   4
                        88 88                        4   4
                        88 88                        4   4
                        88 88                        4   4
                        88 88                        4   4
                        88 88                        4   4
                        88 88                        4   4
  888888888888888888888888 88  44444444444444444444444   4
  888888888888888888888888 88  4                         4
  88                       88  4                         4
  888888888888888888888888 88  4                         4
  888888888888888888888888 88  44444444444444444444444   4
                        88 88                        4   4
                        88 88                        4   4
                        88 88                        4   4
                        88 88                        4   4
                        88 88                        4   4
                        88 88                        4   4
                        88888                        4   4
                        88888                        44444

  888888888888888888888888888  444444444444444444444444444
  888888888888888888888888888  4                         4
  88                       88  4                         4
  88888888888888888888888  88  4                         4
  88888888888888888888888 88  444444444444444444444    4
                     8888888                     4     4
                    888 888                    4     4
                   888 888                   4     4
                  888 888                  4     4
                 888 888                 4     4
                888 888                4     4
                 888 888                 4     4
                  888 888                  4     4
                   888 888                   4     4
                    888 888                    4     4
                     888 888                     4     4
  88888888888888888888888 888  444444444444444444444     4
  88888888888888888888888  88  4                         4
  88                       88  4                         4
  888888888888888888888888888  4                         4
  888888888888888888888888888  444444444444444444444444444

  888888888888888888888888  444444444444444444444444
  8888888888888888888888888  4                       4
  88                     888  4                        4
  88888888888888 88888888 888  4                         4
  88888888888888 888888888 88  4444444444444   444444    4
              88 88    888 88              4   4    4    4
              88 88     88 88              4   4     4   4
              88 88     88 88              4   4     4   4
              88 88     88 88              4   4     4   4
              88 88     88 88              4   4     4   4
              88 88     88 88              4   4     4   4
              88 88     88 88              4   4     4   4
              88 88     88 88              4   4     4   4
              88 88     88 88              4   4     4   4
              88 88     88 88              4   4     4   4
              88 88    888 88              4   4    4    4
  88888888888888 888888888 88  4444444444444   444444    4
  88888888888888 88888888 888  4                         4
  88                     888  4                        4
  8888888888888888888888888  4                       4
  888888888888888888888888  444444444444444444444444

  88888        888888888888  44444        444444444444
  88888       88888888888888  4   4       4            4
  88 88      8888        8888  4   4      4              4
  88 88      888  888888  888  4   4      4              4
  88 88      88  88888888  88  4   4      4      4       4
  88 88      88 8888  8888 88  4   4      4     4  4     4
  88 88      88 888    888 88  4   4      4    4    4    4
  88 88      88 88      88 88  4   4      4   4      4   4
  88 88      88 88      88 88  4   4      4   4      4   4
  88 88      88 88      88 88  4   4      4   4      4   4
  88 88      88 88      88 88  4   4      4   4      4   4
  88 88      88 88      88 88  4   4      4   4      4   4
  88 88      88 88      88 88  4   4      4   4      4   4
  88 88      88 88      88 88  4   4      4   4      4   4
  88 888    888 88      88 88  4    4    4    4      4   4
  88 8888  8888 88      88 88  4     4  4     4      4   4
  88  888888888 88      88 88  4      44      4      4   4
  888  8888888 888      88 88  4              4      4   4
  8888        8888      88 88  4              4      4   4
   88888888888888       88888   4            4       4   4
    888888888888        88888    444444444444        44444


                   8888888
                  88888888
              8  888888888
              88  88888888
               88  888888
                88  8888
                 88  88
                  888888
                   88888
                  888888
                 88  88
                88  8888
               88  888888
              88  88888888
              8  888888888
                  88888888
                   8888888
      888
     88888
    88   88
   88     88
  88       8888888888888
  88        8888888888888
  88   8     88         88
  88  888    88          88
  88 88888   88           88
  88 8888888888            88
  88 8888888888            88
  88 8888888888            88
  88 88888   88           88
  88  888    88          88
  88   8     88         88
  88        8888888888888
  88       8888888888888
   88     88
    88   88
     88888
      888



              MERRY CHRISTMAS


CREATED FOR RTTY BY RALPH, K6YCS, INGLEWOOD, CA.   06-08-89

