
                                 88888888888888                                 44444444444444
                            888)))))))))))))))888                            444               444
                          8)))))))))))))))))))))))88                          4                       44
                        8)))))))))))))))))))))))))))88                        4                           44
                       8)))))))))))))))))))))))))))))))8                       4                               4
                      8)))))))))))))))))))))))))))))))))8                      4                                 4
                     8)))))))))))))))))))))))))))))))))))8                     4                                   4
                    8)))))888888888)))))))))))))))))))))))8                    4     444444444                       4
                   8))))8..........8)))))))88888888)))))))8                   4    4          4       44444444       4
                  8)8...............8)))8...........8)))))8                  4 4               4   4           4     4
                8888.................8)8.............8))))8                4444                 4 4             4    4
               8..8.......8888       8................8)))8               4  4       4444.......4                4   4
              8...8......888888................88......8))8              4   4      444444                44      4  4
              8...8.....88888888.............88888.....8)8              4   4     44444444             44444     4 4
             8....8......888888.............8888888.....88888             4    4      444444             4444444     44444
             8...8........888...............888888.......8...8             4   4        444               444444       4   4
             8...8..........................88888........8...8             4   4                          44444        4   4
              8.8............................888.........8...8              4 4                            444         4   4
               8.........................................8..8               4                                         4  4
              8..............88..........................8..8              4              44                          4  4
             8................888...888..................8.8             4                444   444                  4 4
             8............................................8             4                                            4
            8.............................................8            4                                             4            8.............................................8            4                                             4
            8.............................................8            4                                             4
             8............................................8             4                                            4
            88...........................................8            44                                           4
           8118..........................................8           4  4                                          4          811118......8.................................818          4    4      4                                 4 4
         81111118......88...................88.........81118         4      4      44                   44         4   4
      811111111118.......88...............88.........881111118      4          4       44               44         44      4
    811111111111188.......888........8888.........881111111118    4            44       444        4444         44         4
   811111111111111188........88888888...........881111111111118   4               44        44444444           44            4
  811111111111111111188......................8881111111111111118  4                  44                      444               4
  81111111111111111111118888.............888811111111111111111118  4                     4444             4444                   4
 81111111111111111111111111188888888888881111111111111111111111118 4                          4444444444444                        4
 81111111111111111111111111111111111111111111111111111111111111118 4                                                               4
 811111111111111111111111111111111111111111111111111111111111111118 4                                                                4
811111111111111111111111111111111111111111111111111111111111111111184                                                                  4
811111111111111111111111111111111111111111111111111111111111111111184                                                                  4
811111111111111111111111111111111111111111111111111111111111111111184                                                                  4
811111111111111111111111111111111111111111111111111111111111111111184                                                                  4
811111111111111811111111111111111111111111111111111111111111111111184              4                                                   4
811111111111111811111111111111111111111111111111111118111111111111184              4                                     4             4
811111111111111811111111111111111111111111111111111118111111111111184              4                                     4             4
81111111111111181111111111111111111111111111111111111811111111111184              4                                     4            4
81111111111111181111111111111111111111111111111111111811111111111184              4                                     4            4
 81111111111111811111111111111111111111111111111111118111111111118 4             4                                     4           4
  811111118888881111111111111111111111111111111111111811111111118  4       444444                                     4          4
   8111118)))))8111111111111111111111111111111111111181188888888   4     4     4                                     4  44444444
    81118)))))))8111111111111111111888888111111111111188)))))))8    4   4       4                  444444             44       4
     888)))))))))81111111111111111188888811111111111118)))))))))8     444         4                 4    4             4         4
       8)))))))))88888888888888888888888888888888888888))))))))))8       4         44444444444444444444444444444444444444          4
       8))))))))8888888888888888888888888888888888888888)))))))))8       4        4                                      4         4
       8))))))))8888888888888888888888888888888888888888))))))))8       4        4                                      4        4
        8))))))8888888888888888888888888888888888888888))))))))8        4      4444444444444444444444444444444444444444        4
         8888881111111111111111111188888811111111111118)))))))8         444444                    4    4             4       4
            81111111111111111111118888888111111111111118888888            4                     4444444              4444444
            811111111111111111118........81111111111111118            4                   4        4               4
            81111111111111111118..........8111111111111118            4                  4          4              4
            8                 8............811111111111118            4111111111111111114            4             4
            811111111111111118..............81111111111118            4                4              4            4
            8                8..............81111111111118            411111111111111114              4            4
            8111111111111111118............811111111111118            4                 4            4             4
            81111111111111111118..........811111111111118            4                  4          4             4
            811111111111111111118........811111111111118            4                   4        4             4
            8111111111111111111888888888811111111111118            4                  4444444444             4
            81111111111111111118   8888888888888888888            4                  4   4    44444444444444
             8111111111111111118   888888)))))))))))8             4                 4   4                4
              811111111111111118   888888)))))))))))8              4                4   4    4           4
               8111111111111118    888888)))))))))))8               4              4    4    4           4
                81111111111118     888888)))))))))))8                4            4     4    4           4
                 888888888888   888888888888))))))))8                 4          4   4          4        4
                 8)))))))))8   88888888888888))))))))8                 4         4   4            4        4
                8))))))))))8  8888888888888888))))))))8                4          4  4              4        4
               8)))))))))))8  8888888888888888)))))))))8               4           4  44444      44444         4
              8)))))))))))))8     88888888)))))))))))))8              4             4     44444444             4
             8               8    8......8))))))))))))8             4)))))))))))))))4    4      4            4
             8))))))))))))))))8   8......8888888888888             4                4   4      4444444444444
             8))))))))))))))))8   8......8888888888888             4                4   4      4           4
             8))))))))))))))))8   8......8888888888888             4                4   4      4           4
              8)))))))))))))))8   8......8888888888888              4               4   4      4444444444444
               88888888888888888888......8               44444444444444444444      4
                8888888888888888888......8                4                 4      4
                8888888888888888888......8                4                 4      4
                8888888888888888888......8                4444444444444444444      4
                                  8......8                                  4      4
                                  8......8                                  4      4
                                  8......8                                  4      4
                                  8......8                                  4      4
                                  8......8                                  4      4
                                  8......8                                  4      4
                                  8......8                                  4      4
                                  8......8                                  4      4
                                  8......8                                  4      4
                                   888888                                   444444



88888888888888888888888888888888888888888888888888888888888888888888884444444444444444444444444444444444444444444444444444444444444444444444

                          APE ON A BIKE

AUTHOR UNKNOWN

